id,class,proba,probb,probc,probd,probe
DA029182F0,4,0.25721048880709785,97.12278006686283,2.5566380029448132,0.02513250899635802,0.03823893238890022
798013C730,2,3.39729016388906,4.352007962043056,0.8855972455111468,0.09157988590088793,91.27352474265584
B5844A85AD,3,99.99833529321707,0.0015739185395031879,6.573998751599904e-06,8.03050757889989e-05,3.909168876464069e-06
C18C7E50D2,1,0.005719558067948296,0.056584584305655244,2.576980127930004,97.35808862558864,0.0026271041077655147
D16FAB0C67,0,0.03621500944148926,0.06710427661056663,98.89427296382195,1.001445336591867,0.0009624135341190987
E9D679FD27,3,99.92557032242682,0.001742171744416515,0.012648033188126339,0.058658775596190156,0.0013806970444356667
C276EF0A58,4,0.009528195737695202,96.06422740522711,3.907732493016378,0.003973608947097427,0.01453829707170322
0B450FA67F,3,99.98000544724744,0.0095246289885268,0.0002003567721253908,0.004118268855984569,0.00615129813591006
AB001A03CC,4,0.2742772291411454,99.13450288103938,0.11676815981341566,0.18203242505329684,0.29241930495274987
CB067524B6,4,0.0023559635314542187,99.97786250883615,0.003539542289868371,8.042391685130881e-05,0.016161561425671288
C295EDF8BF,4,0.0017371081205875588,98.86421408664887,0.01579304153099277,0.0046653252786042375,1.1135904384209452
8722663F31,4,0.0018304139933983353,99.98631578368268,0.0034805564544356632,0.0015347718023237676,0.006838474067149642
5423C4446B,4,0.0012846068760871035,99.983996098039,0.01142023348168065,0.0008016135627569904,0.002497448040497962
61B0E5C347,3,98.2984411373479,0.0002048043980458163,0.11384261685196317,1.5845367508486636,0.0029746905534284054
86B9F51B85,2,0.0007279852860860851,0.0009199197733130828,0.0007447950134908533,0.0003399863114072795,99.9972673136157
19885F0860,4,0.004114571828052033,99.94891183806726,0.03389829073803886,0.0072035857335426496,0.005871713633099159
5A408C6649,1,0.004492594582519429,0.09148935429897238,1.8411615373825332,98.06198296292257,0.000873550813408419
36063E5BF3,4,0.34539941327867707,99.17655003774568,0.2561841222346334,0.009874448724307231,0.2119919780167184
45C81E37B6,0,1.442673307161766,0.6566888340289984,97.74384392760999,0.0024466131466241623,0.15434731805261123
B7FEADE8E3,3,93.822274685103,0.02000647839963196,6.124531212948854,0.026372681788886188,0.006814941759635857
40AE4430D5,0,0.04187524870942555,0.03132067765268094,99.66206478284877,0.26448409628594743,0.0002551945031663529
E1B2E2B632,3,76.0190097817773,3.5892420128998404,13.754491587339443,6.002261262420405,0.6349953555630234
D0EAEC6852,4,0.7550772788583676,98.9483622522443,0.2375760010239678,0.05280363613881299,0.006180831734569551
ECF1F26002,3,95.85401659969503,0.04348900358823184,3.9258998626645467,0.10778022238518487,0.06881431166700441
D8A276BF30,3,99.97001219160875,0.0026357840357622907,0.010570854221957714,0.01673333051149757,4.783962202294794e-05
84BFE30019,2,0.3375392701134751,1.1759391006336855,10.083302440193485,0.2265223044125968,88.17669688464676
063C98F745,1,0.004211632182501367,0.004882079310420835,0.09656661245159263,99.8936707318293,0.0006689442261969457
5EBC1122F9,1,0.0034608238519481752,0.17334116190015583,0.01963712566520007,99.79770348888616,0.005857399696538812
808B09916A,2,0.4544163152861918,6.371503319116336,0.13329636148111765,1.093505933964563,91.9472780701518
7B8E172B66,3,99.99869284138725,0.0007826440380318113,0.00033857091374247904,0.00017473966612729127,1.1203994852673431e-05
0E774B0EFE,0,0.05074130072711516,0.05406841005376851,99.4646294302342,0.4284421246606358,0.0021187343242618562
3E50C93D7D,1,0.0007322895907811111,0.0003151008650788094,0.00473730808743211,99.99418483424994,3.0467206774934016e-05
D83B73195D,1,2.4947967686037935,0.06560644735776439,16.582793304863486,80.8537427435731,0.0030607356018668144
40F9EB7B00,4,1.268931529207091,68.65766044789387,13.68050586397458,0.6729979550427164,15.719904203881732
95A9B0E62F,4,0.0007075894527072029,99.99643413694469,0.00216247802529592,0.0001752943302418595,0.0005205012470813408
00C22FC0EA,2,0.00957472174530236,25.7716465703979,0.04536461508356365,0.5582292987729327,73.6151847940003
D12F125A33,3,99.72305655508688,0.004652286945601573,0.004738555465174072,0.2655646126351973,0.001987989867130272
98DFCDCDF5,2,0.00021990058543084343,0.10819981399379326,0.006168292396687226,0.0041625675036586806,99.88124942552044
844427FE89,4,0.006125564733915785,99.89873454322287,0.0919351563709968,0.001318127346973683,0.001886608325222114
EBEDB1DF7B,3,99.99557413017592,0.0014291769479085796,0.0020454825953302876,0.0007806437524096696,0.0001705665284331974
F9607BA38B,0,6.515704018560416,1.7215193685945804,54.48904297527414,0.12349251392902114,37.150241123641855
11DCA97731,2,0.007614317863863136,0.07947980770426917,0.09476277705823695,0.0002887113719524728,99.81785438600168
F1FB9BD260,0,1.1332452850320673,0.013323246262642497,98.6894577042408,0.015689337142840494,0.1482844273216552
54DF054859,1,0.019682946701267308,0.0004135872517592329,0.034423524119096466,99.94516066531585,0.00031927661202806816
4DE7B7E5C9,2,0.04874794048449928,0.2875653442847003,0.004249210740873114,0.028948769424845176,99.63048873506509
AD228F7669,1,0.011582469943648258,0.1960569322370855,0.613320830428763,99.17714597167374,0.001893795716746565
BDAFB65A2A,3,99.9718549306288,0.012896337002076704,0.01077038745848677,0.003851841265507382,0.0006265036451194636
1D5632D249,3,98.96478510453149,0.03147836636915525,0.7364309367400851,0.2314321311510691,0.035873461208236125
9B1927E112,0,1.5151519488434715,0.037968046901369686,98.42195253141122,0.006278939255447612,0.018648533588480908
7F0F326EA2,4,0.24028315901176933,93.33117789536031,3.459417684320517,0.042214510708543235,2.9269067505988784
62F7D4467D,1,0.0008041868516783074,0.006984248341179215,0.03585289973937568,99.95628970592176,6.89591459971657e-05
4943D43A89,3,99.82632081093212,0.003824276698415019,0.16686167622548184,0.0005490032796373292,0.002444232864328906
1F74D6608F,2,0.0663779751548083,0.015798229521275298,0.05589056802377981,0.009672096626128229,99.85226113067401
98B0A29127,3,99.99810821386924,7.357416570831912e-05,4.47748272545432e-05,0.0017379690869042581,3.54680508791483e-05
39D563929F,4,0.024094034333001058,98.65226850361303,1.302966023932959,0.006761382007075063,0.013910056113913263
C22F6173D7,4,0.1454978910586171,74.36190708277188,13.056222749804874,10.58871636743896,1.8476559089256581
13F52C4859,4,0.002974202992493538,99.95846058679008,0.03726944581600826,0.00031503788286395355,0.0009807265185476108
2D3D9A3F59,1,0.021138837347974546,0.43261847326033853,0.033086353919130854,99.50840417816978,0.004752157302767099
A5822E30CE,4,0.0008001909655933601,99.95557847440027,0.03059153538077651,0.0022782881187579426,0.010751511134590904
0B6830EE15,4,0.003745176204231743,99.98248950058691,0.012712442314790436,0.0004975545237480833,0.0005553263703103358
7309305DB4,2,0.015809309381441455,0.6912700227227003,3.4838085288163594,1.7690341200225983,94.0400780190569
4BE6DFF18B,0,0.009428791860914925,0.9701140353214266,98.7802810209949,0.2261683484574093,0.014007803365334782
84B0E2153E,1,0.005018014613133871,0.00038760475557668607,0.0021116765558046803,99.99225389027356,0.00022881380193369452
AEC487159E,4,0.004630451498838117,99.6112396626741,0.37541841132293546,0.0002572389895844645,0.008454235514539613
0835E0E6D8,0,0.790038950296101,11.6316970029292,86.34388127337455,0.578891695562713,0.6554910778374365
B700AC2705,2,0.012047635263068767,4.70926330875223,0.0034285483886736462,0.004216877974863893,95.27104362962116
7EE4993750,4,0.006829477891585443,99.63920819152534,0.3467434709263571,0.0036912932307018764,0.003527566426002782
245B736A2A,2,0.0002708366597522305,0.006851208631501007,0.007977777559286884,0.0060845330252768766,99.97881564412418
08E1BA4B4B,2,0.0028689383732144265,0.5837551413942281,0.0016708287824785191,0.003208821061859327,99.40849627038821
2A593B6732,4,0.009922109694592524,99.88757380425164,0.10033534017106754,0.0007886989026704669,0.0013800469800177764
A43A8BE8B0,0,0.40222300335024463,0.25238912148318643,99.24998038584941,0.0027945291645534508,0.09261296015262063
A2FBBCE882,2,0.022203561834543823,0.005767287540316804,0.008587327333983414,0.022359818620797757,99.94108200467036
C687A5BC34,4,0.0003841120449176099,99.66659338750524,0.3081455255406984,0.01820057155225479,0.006676403356883386
030D460C87,1,0.004683424384030655,0.00039737028895966205,0.041662614120691936,99.95288953964298,0.0003670515633327033
37BF313921,4,0.037643543283935404,88.30473443192002,11.420743203945747,0.20649743131810877,0.03038138953219592
29EC8E2C3E,2,0.06373745888353062,0.38751380381700107,0.015414234874866475,0.12375904038032115,99.40957546204429
FC4286FA19,2,34.47079869863888,0.27698411517455807,11.668131121449267,0.6658953375657967,52.9181907271715
179DB57CE2,0,0.0018450299010054816,0.0026170096985048117,99.99017548948119,0.004176682032167143,0.0011857888871372618
F67FC5C3E2,0,0.09759706302420383,23.462986377224137,74.94836340291621,0.012213348829058349,1.4788398080063891
BAF4F42D39,4,1.031665641030816,91.33849940853348,5.828010449877217,0.10375552272618366,1.6980689778323388
025D0E8105,2,3.8868936811968213,0.13360311935112446,0.5286893115509599,4.193041166095145,91.25777272180595
03FA0DF389,0,0.03652093056562753,0.013213883549706703,99.94570156586171,0.004365086677964229,0.0001985333449890191
C7CAFFAB34,3,99.96556390215797,0.0018435587729597241,0.017622184296144993,0.014962673118561271,7.68165437994482e-06
6D32029E0C,2,0.0006426993787500059,0.004311478636392805,2.696332456318165e-05,0.00045097759135510304,99.99456788106895
00CECD2708,0,0.0005025248246353877,0.0016969869204110882,99.98797799890015,0.009790485779904158,3.200357489558502e-05
8C920CE63A,1,0.0033188860509885563,2.4973939914442322,2.8181108077083974,92.74186736541581,1.9393089493805638
D55C79699E,4,0.0032147421281777016,99.95451696424766,0.028549596902547953,0.009792184636211674,0.003926512085388232
53196A08B7,0,26.632694301709613,0.5592761175386871,72.74561015553816,0.018588080639447384,0.04383134457409648
FF70B5A6CB,3,99.99967715849814,0.00021216100531534684,8.173677126054037e-06,8.667594236755331e-05,1.583087703849803e-05
0B82408803,4,0.0004130035063109281,99.98870018428948,0.007859358987687106,0.0005138679859731864,0.0025135852305582193
11417923C1,2,0.013236811999587102,2.657216376218451,0.007579083848802213,0.003495955104885309,97.31847177282827
BA98021FA5,1,0.0016372036824855271,0.0026933020680833405,0.01585540328467345,99.97959599009477,0.00021810086996903804
CC487EB3FA,0,0.20016993862698573,0.008775812335367948,99.47943330954801,0.3114818278382645,0.00013911165135376333
17643935EA,1,1.9495686449959075,0.1325132609661794,0.40269881190758927,97.51183088711743,0.0033883950129003125
81BEE1F0DE,3,99.85127144024698,0.010811263478408124,0.01667101763158474,0.11764934803683946,0.0035969306061716002
B32DC55C9C,3,99.89119192854575,0.020699724872209613,0.06558042486988397,0.012241153472919111,0.010286768239249561
E37060B377,2,0.018604033060173168,0.0070198376924357426,0.026308985185309282,0.3066774103299447,99.64138973373214
98C927CF89,3,93.93650496449645,1.1260492484744804,0.9583893694140131,3.822089140122574,0.15696727749249828
5119433930,4,0.06157392945978495,98.35467111376444,0.029108059315657984,0.00498781472736148,1.5496590827327639
54F09F43B3,4,0.0002697327264553239,99.92147085524086,0.07008882665099861,0.00041585486442599927,0.007754730517239888
3787598C28,4,0.0033810206092530935,99.74916307543252,0.23060832470937032,0.0035666889779085087,0.013280890270947553
BECC3BBD17,1,0.03018222162263343,0.008573525644824678,0.24905689855257274,99.71213117607547,5.617810447299161e-05
FF62AE7D8D,1,0.14653789536262662,18.163265176933972,28.52727356094705,53.15499325884947,0.007930107906873918
1D435D2349,3,95.85401659969503,0.04348900358823184,3.9258998626645467,0.10778022238518487,0.06881431166700441
864875FBBE,0,3.5937640572473395,0.025466307635449447,95.95834936087765,0.4218780506709639,0.0005422235685977596
A465E89804,4,0.02025112229693529,99.65478950482671,0.020924345407321403,0.06795868890947007,0.23607633855955928
5F255A0964,4,0.0005270992268767523,99.97977193578235,0.013049858755640478,0.00011373831250145542,0.006537367922645958
2C5D892869,0,1.56854641555439,0.07390153657014437,98.26504862599145,0.09199458899381786,0.0005088328902065612
89F11A1583,0,0.20479809326477602,0.10959423960011264,99.6441777429834,0.010256487063832585,0.031173437087858514
5138BADA49,2,0.0001663143604543667,0.003534103336682203,0.00016977914012763118,0.00018250714369144006,99.99594729601905
4F8DE26892,4,0.04673197343825275,99.32071522767991,0.6196099174567542,0.0009423239653323313,0.012000557459727992
5C47D38531,0,0.03969910448895639,3.5142271630141115,96.251645829341,0.09129698263022303,0.10313092052571832
40FD801394,2,0.00349904577973237,0.023534910580343578,0.0011692026259338933,0.0006639077482555906,99.97113293326572
17905A3861,3,99.99480452049157,0.0025073249324123205,0.0016752885817057368,0.0008995547574895621,0.00011331123682228704
01F03AFBFF,0,0.5319930948627839,1.0788169777583425,84.52789942833022,13.000211889915695,0.8610786091329713
A595081686,0,0.1291957633735828,1.2876231221737162,91.31802904493357,6.8453153033305805,0.419836766188554
64F2DDA0AA,3,61.92701759690857,0.17717332962072785,37.5064960563778,0.37032896224251194,0.01898405485038883
37E43239D9,0,0.06675040528278905,3.1934111779640415,64.46908505484443,30.883963001750647,1.3867903601581095
87A4969FED,3,99.9897705156331,0.003672209528921748,0.0025564127928668083,0.002879672910428522,0.0011211891346882329
006F8606F6,4,12.475488668206467,72.107510112116,9.768474693726773,0.6153522145302754,5.033174311420492
6C6AA226F1,3,99.99093685657897,0.0001407230343805891,0.004639234573905138,0.00418004796974138,0.00010313784301964141
1D1A5C997D,2,0.0022057315033735068,4.382234213783329,0.2182856935552502,0.14498498042972974,95.25228938072831
BE2CA92827,2,0.00031879155756486913,0.1316415875699272,0.00014808757671100424,4.31503385046183e-05,99.86784838295729
F187E09CD7,0,0.03154088921774719,0.12156272034235663,99.75408893509837,0.07140133235425594,0.021406122987244376
C5D38BB72E,4,0.0007854244836352898,99.9973345113855,0.0006319202194539712,0.0002082041873729499,0.0010399397240272563
05835748A6,1,3.215469453637495,0.34769858290042976,16.815322963960007,79.61961243566968,0.0018965638323904929
FDBBFB374B,1,0.014778856797952156,0.009323283893367722,0.3035088880884834,99.67099100717242,0.0013979640477834751
0336FA0322,0,0.014340508910556585,0.0064786581105828345,99.77855010734689,0.0799576948377671,0.12067303079420603
128B157A7C,2,3.512963774373143,8.975587608229905,5.976156907288533,0.20525897231219348,81.33003273779623
7000E8FB61,0,1.5356083541469563,0.2142087494832694,72.37313837824244,0.018147633569830107,25.858896884557492
697C12FB69,2,0.07236389053811791,0.010490600070403132,0.04272861709827018,0.010181358923043941,99.86423553337018
3773AAE60F,0,0.008701442714989564,0.0026874983807312785,99.98430375979264,0.00406101883849767,0.00024628027314058646
70BBCCA162,1,0.0058080478123903,0.020667009408289996,0.0065831989027253296,99.96640663097152,0.0005351129050720878
182DF51AF2,2,0.0001788434772743281,0.020113136027095205,0.014481882823040202,6.951639854196378e-05,99.96515662127405
65BF2008F2,0,22.42671207868704,0.0982742665003397,77.25385468647936,0.2094795181921819,0.011679450141073189
DCBE5DDA63,4,0.0007283035337950195,99.99624045870019,0.0005510598637499761,0.00015089840983974822,0.0023292794924184884
CD5A8856CF,0,0.009817948731705512,0.00032407782409634437,99.98907426666584,0.000676239917196721,0.00010746686113987476
3DF65C56B4,0,0.07710219925829553,0.009416635790579551,99.9053779556285,0.008055507021157624,4.770230148079705e-05
A450FE11D5,4,0.7104825088538375,95.12103447715191,1.4038966926011875,0.019730202848828923,2.7448561185442277
1C702E88FB,4,0.001968317143484758,99.98725605417802,0.0021436514612870076,0.000590040923610741,0.008041936293569269
B4EA17A404,4,0.007868359394185653,99.96616591793101,0.014686384409393044,0.0011435498032642986,0.01013578846217205
299878E723,2,1.5004063072607505e-05,0.005916082248545256,0.0002025316696358089,0.024352873114082345,99.96951350890465
0125D1C6C3,3,99.97721915751917,0.01904016165508441,0.0023588123739003665,0.0006306285556526956,0.0007512398962222569
A4E04413DD,3,54.72955097000901,0.8167013423082587,38.90182187044165,0.5126088321730575,5.039316985068033
E6A9AED5E7,3,99.82044005929819,0.1686174787105477,0.008491316959534496,0.0018192392291573162,0.0006319058025773462
52A9CD0385,4,0.0014838851538528334,99.85643882977281,0.028047088527849737,0.0008528779677506741,0.1131773185777199
2C500069BC,4,7.620218424221601,74.91363639047496,3.7559818374724676,12.263641797159904,1.4465215506710827
4AE404D189,3,99.9673044130054,0.006850738222992718,0.023316217389896237,0.0015198650465753853,0.0010087663351411847
77B14A7C59,3,98.90992383148334,0.0058978926796876335,0.04124025111943955,1.0363710941159368,0.006566930601605802
FCED87FC66,2,4.698529586614706e-05,0.003311293762527597,2.8893553431791198e-05,0.00019614580386035805,99.99641668158432
FEE3BE9A0C,2,7.539010667181745,0.25822139872410427,0.16484857812290354,0.06754125914003796,91.9703780968312
8E5CC39832,4,0.000934292760261567,99.88851952536787,0.09374800799817488,0.0017188583713232336,0.015079315502386286
6EC0AE705C,0,0.22698559422575895,0.011347576964772583,99.74989553888037,0.004136161571008923,0.00763512835811002
130ACCD7F4,2,4.2645589060133376e-05,0.1109879066578102,3.1716022489768266e-05,0.0008175478856334336,99.888120183845
45D7BB6117,3,67.08321955680242,16.446536784595075,0.7317504625058069,2.0099439298485087,13.72854926624819
A850C101B5,4,0.04715811255148826,99.75071812288479,0.19733796507751222,0.0008247980129777213,0.003961001473224992
6029B72300,1,0.0017228405112945724,0.0006787569171633062,0.002242739949033779,99.99522939799573,0.00012626462680285388
75FAA1BA1B,2,40.6421946812958,9.901559973720248,5.203960654002523,2.50594719329333,41.74633749768811
D3D911F948,1,0.0010111050932130091,0.004631816086109316,0.06610762184972727,99.92809650469118,0.00015295227976882763
57134D9B71,0,4.520759620683425,25.810995294695783,66.31246571417473,0.014280620287753055,3.341498750158309
E2430869CF,0,1.9438786957799077,0.09627177582899094,97.6081686959262,0.0012033624638200032,0.3504774700010726
6FB0E4EF88,4,0.0012886683069590378,99.97349445699442,0.002606851032091388,0.00019861049217696037,0.02241141317432053
B3764C086C,1,5.91808205703748,3.8190177747992715,0.4528480330617743,89.72257822416326,0.0874739109382102
B509A8A1E7,4,0.00036872895100626785,99.95065921760873,0.01651551757141797,0.0031513339772293973,0.029305201891635033
BB745EA3C1,4,0.0004936219420500806,99.97820674395024,0.013029128956081713,0.0014686502331371705,0.006801854918483096
B17256020C,4,22.133688516035733,68.78142858328502,6.514823657670367,2.087149581278449,0.48290966173043487
EBE9C7DC11,0,19.871670899091747,4.129269488903215,72.59450026458869,0.0033495458930552302,3.40120980152329
6E953384B2,1,0.0001291420441137855,0.003869403722784958,0.08213193747977028,99.91375956615323,0.00010995060010010173
BE97527F24,0,0.09895769828771706,0.004837361293266319,99.7480564578946,0.0209712855787587,0.12717719694565086
0158CDF991,0,20.945427536911506,2.025514595117529,38.14080869310662,37.917900428817795,0.9703487460465411
D789A56ECA,3,99.99967510459473,0.00014401823956489143,5.7481644513732505e-05,0.00010447080854221275,1.8924712655115398e-05
E7AE487D2D,2,8.363486894457582,0.5663286995133032,11.686283123211574,1.343002993512054,78.04089828930549
896F257E36,3,99.72690522201457,0.03622274785574427,0.20720365709295524,0.02751167430388885,0.002156698732828617
2F4B0CE443,4,4.8692230190851935e-05,99.95017710577488,0.008038360891481224,0.0007253128782520784,0.04101052822517792
C3C880EF02,0,0.054704282178361555,0.0016569319096139258,99.93782329992186,0.005458104552845578,0.00035738143731074815
434941CB07,1,0.011351908027962107,0.011886313078864983,0.41754712390909443,99.55847876593971,0.0007358890443688875
13F90261D1,2,0.1860797378871732,3.142593821817636,13.8566348969777,0.01434238467908713,82.80034915863841
3916F48FD9,0,0.3084148770356902,5.9629166200004535,93.38374507254976,0.03598446094316043,0.30893896947093946
B63DAB3AD8,2,0.0006294485516749069,13.12899415250902,0.0053234439192617385,0.0005327574926820746,86.86452019752736
B94FC929D8,4,2.2333761045692895,93.72658387028495,1.762227408767584,2.223372116540728,0.05444049983746523
B35961761D,4,0.0019697753664553188,99.98689985343505,0.010003234055889803,0.0008130684985031614,0.00031406864408275233
46A3A23476,4,0.0011733157963745603,99.98993439380746,0.007527816759410848,0.0002813794326183498,0.0010830942041338456
561D588A9C,4,0.00027595242855116834,99.67296835364348,0.14838229386774798,0.011669077207421448,0.16670432285281114
C56B5CDC6B,4,0.0017870392113847713,99.99607917080215,0.001120140590969992,0.0006274765158198458,0.00038617287968609095
DD6D7F2710,3,99.99923659279074,0.0005175915651329498,8.639155713189163e-05,3.6800429495067265e-05,0.00012262365751172867
5E586D29BD,4,0.11606882593735696,94.48382091545575,5.390884758447743,0.0028258497719688197,0.006399650387180046
6172FAF0DD,3,99.99984784235441,5.791075703507059e-05,1.1498416061900572e-05,7.006251119693092e-05,1.2685961298773578e-05
769AC28420,3,99.96169920940214,0.005426737809550066,0.0009081577096933199,0.031959414774824474,6.4803037783363944e-06
7B0702E9FD,2,0.006334424653966491,0.03673417304838973,0.0009741350823872667,0.0016689830725057705,99.95428828414275
DA7AE1BA0F,4,0.003879128866085977,99.93679586250501,0.05161950136210396,0.0030855680747081593,0.004619939192094601
9E93633EC5,2,2.003959656313822,0.007797017227647762,1.4571983149537642,0.29617291403843166,96.23487209746634
CC3137D213,1,0.005776898597427886,0.0018313745861223362,0.006450696922484674,99.98593531222484,5.717669120891659e-06
D8DC2E8B30,3,99.78062068081186,0.20692989052385158,0.011912825051480634,5.656610292453029e-05,0.0004800375098930734
0F81941C18,0,0.10976339370046702,0.1585286526884201,99.64758511637531,0.08385885798426411,0.00026397925153924805
2E0B6E1A37,0,0.00025993918770975843,0.004802047191593099,99.94322124796834,0.05156725843733601,0.00014950721502212397
D41ABE1C96,3,99.97039935342042,0.0015022401693679814,0.01627986803571568,0.0045984550319698924,0.007220083342535909
C574183F0C,0,0.016616986195924343,0.835127681056983,99.01755680601198,0.12551551795123528,0.00518300878388517
BF61FFBC1C,3,98.62979722383443,0.02018536248135567,0.003946738425976668,1.3444036154876249,0.0016670597706022999
BC7E817CDE,2,2.177913992029412,3.884355941969006,39.51859796849694,0.09746395030092718,54.32166814720372
F86382F03A,2,0.00012303786598715397,0.7023349980771134,8.10276401200768e-05,0.000565114826029573,99.29689582159075
665B409AA0,1,0.02103233055125607,0.1217191834294646,0.04492468948329792,99.78616351290258,0.02616028363341766
C4E0F2445F,3,99.99986952505348,7.950824141601711e-05,4.240116916094788e-05,6.587988083805161e-06,1.977547862628695e-06
730049E065,3,98.13299439933351,0.3912827972874642,0.01718635850746089,1.4581129115538765,0.0004235333176815624
40366589C4,1,0.0004243179936105781,0.0146597509637397,0.5384618175788659,99.33727054445507,0.10918356900870389
27C5695794,4,0.001864628728734648,99.92596593080293,0.051045331535182786,0.00011467548470319813,0.021009433448446656
FE1A7A2598,3,99.99753242393173,7.97512888867609e-05,0.0001575292669573547,0.002187938861179927,4.2356651241908944e-05
0B5840229C,0,0.056017180013250685,5.279984103944237,54.897397481658,1.1012309393736766,38.66537029501084
B579D93F3C,3,99.97792628703795,0.0015130798605617836,0.014826393133148217,0.00499742937548698,0.000736810592858383
22913884E4,2,0.034372782938487015,0.07911163391023808,0.009424709168881926,0.0011560142413955404,99.875934859741
943EEFB9B6,4,2.632303400182501e-05,99.9825737547316,0.009370651091345725,0.00048003479866762233,0.0075492363443560835
A33867A445,2,0.002425109578670479,33.30079263503743,0.15223072785081063,0.025104328855343343,66.51944719867774
EAAE22DA59,4,0.3995969780358141,98.4873309084151,0.9358835435027422,0.0019444327833661906,0.1752441372629903
8C15F15BFE,1,0.027671032830248438,0.00013858167105899207,0.020546517885571502,99.92118296875775,0.030460898855375475
7300FE105D,3,58.06414485040071,5.987025915062302,3.340417108230854,6.857599639348036,25.750812486958086
2B4377BC32,4,0.0035284403541636267,99.93400290243561,0.05455726295620271,0.002404669277151038,0.005506724976857929
5086F1BCE6,4,0.015282149055556658,99.63863119670413,0.005318425044157193,0.0021825591845790397,0.33858567001156953
944B3EC9DB,4,0.0003491218557004617,99.99021207858002,0.005522522475871015,0.00020911037092864434,0.003707166717472235
995C7B8D1E,1,1.0124273634667624,0.5441925155740259,22.765248903315648,75.35953960781714,0.3185916098264262
3363E12CE8,2,0.003302679241106681,0.15492060467741162,0.03985185806735476,0.0032579267066689854,99.79866693130745
573A0A9653,2,0.00025436658723578735,0.0006716744586046412,6.081477985349987e-05,0.0005879702826511294,99.99842517389166
66A1C2B33C,2,0.0004939922398287512,0.6396231275979014,0.002650185001666224,0.23218195338028372,99.12505074178033
4DD6718F6F,0,0.003991572284883235,0.024327339896993105,97.64936862655884,2.3191089808455723,0.003203480413698188
4CA2009524,4,0.00017126500888122234,99.97683939499073,0.006850307846678336,0.0014307424215044902,0.014708289732182078
5535C96638,4,0.04932873894354249,99.90197404057697,0.0387774805296091,0.005672890036200651,0.004246849913673896
BE23F3CC81,4,0.00670320873410592,99.98709363695268,0.0018797799099711527,0.001039924995246884,0.0032834494079896533
78328F7B5A,3,99.99923659279074,0.0005175915651329498,8.639155713189163e-05,3.6800429495067265e-05,0.00012262365751172867
46F586838F,4,0.009073655240400328,99.7765222205083,0.13635584829216682,0.0014082085171898795,0.07664006744194321
C87E3F6C8A,2,3.9790294034216793,0.040223846562067546,3.439433327391305,0.0036422648666659366,92.5376711577583
BB17006A63,3,99.4488035787616,0.18627302447407013,0.1629381999095913,0.19874940122875662,0.003235795625952198
176CB0DE95,0,0.0022930329927801016,0.06759030355981857,99.38506752621433,0.537706960686033,0.007342176547005029
0F1AF32C93,0,0.18346073202794344,0.027667056284387738,99.75695080765476,0.0007931305285164569,0.031128273504405796
0CFF03FCC1,4,0.001875860477605006,99.98567877723185,0.010394630520169323,0.0014722454661854011,0.0005784863041517966
4E264727D7,0,41.31105455306217,10.771387425233868,41.89573510435717,0.008211473728426384,6.013611443618349
987B12DA46,0,0.6497393180112625,14.696412727947042,73.87035139569615,0.08234842354772588,10.701148134797817
FAC04BFD86,3,99.92557032242682,0.001742171744416515,0.012648033188126339,0.058658775596190156,0.0013806970444356667
6F359C960F,4,37.30739285927773,39.44756893391089,20.93563107112143,1.5706586151830206,0.7387485205069296
FC072E93FE,1,0.006004541529808922,0.008759160474921467,1.2468375969711412,98.7373808064808,0.001017894543342865
D10ED99F97,2,0.008037501858087605,0.08369852517103288,0.004335058093769811,0.0005453377136821431,99.90338357716344
3C59DD40ED,4,0.020895251794505614,97.9193890765094,1.9857337710026517,0.00189351743984747,0.07208838325360017
6662BC3C54,4,0.00014814049040352245,99.99616806320203,0.0012860031000081998,0.00032677443715911804,0.0020710187703909446
94CFFD34C6,4,0.09756679893959092,84.60702856619436,4.704113640033475,0.057791516164542915,10.533499478668038
B737DECC6E,3,99.99647727447271,0.0008808605803999275,0.0014645583831115882,0.0011142138760431698,6.309268774887095e-05
3F018BA17C,3,98.66979898293015,0.03144106555245995,1.2711730632466651,0.027496934838845494,8.995343188672655e-05
B9F95E901E,4,0.012646257128221938,99.98527051260292,0.0003456097001669638,0.00013411171181733225,0.0016035088568761376
CEA7DC65DD,4,0.0005949360635494949,99.9775739130269,0.0028860726660949244,0.00011704324788073437,0.018828034995568937
322681980E,2,0.008757650205764281,3.6927097005409055,0.006309485822185523,0.029384355905766144,96.26283880752538
58F41EE5BC,1,0.001005049258104155,0.0016925235475664028,0.006959898995567092,99.99029287894969,4.964924907351416e-05
0BC06803FF,4,9.817299177238286,86.09669891093222,2.884936813623926,0.24868987066614143,0.9523752275394206
BF1D3224B2,0,0.033973430882095694,0.014150118222647499,96.88724422356132,3.0371891308894092,0.0274430964445001
E2BDD9164C,2,0.003455567815598341,2.0822504423536565,0.007469255092628987,0.016746799506860303,97.89007793523126
3A3A747A61,0,0.2890868012507777,0.019510109592326182,60.52652193462027,32.61641442854851,6.548466725988124
BF6A21B516,0,12.086633455052638,11.628821653986718,62.56120576850511,0.0997868584826392,13.623552263972885
3CE105CDCE,2,0.0009458069661036118,0.5492528177405847,0.019138472389627386,0.002632090342053761,99.42803081256164
555F8536D8,2,0.0005797746690741157,0.45723164686148093,0.013766270366319968,0.028961704855201515,99.49946060324791
4765841B3C,0,0.1397881191130728,0.010100985000380473,99.78356975939138,0.01971778549746254,0.046823350997695634
DB7D4CBCF5,3,99.98000544724744,0.0095246289885268,0.0002003567721253908,0.004118268855984569,0.00615129813591006
7344C88005,2,0.053303032799688954,0.05666674461003286,0.022424632557923724,0.000882653999314902,99.86672293603303
796805FC8D,1,0.019477329566642873,0.5522571115302496,0.5424941324748386,98.8848647789012,0.0009066475270416681
019AE1E661,4,0.0872225759579278,98.7933635035381,0.43936708649472006,0.21260300977591381,0.46744382423333497
8A1BE95669,3,99.99663169971613,0.0006022970785012654,0.0004104737388643983,0.002344981803266252,1.0547663236779124e-05
1F17AF4D18,4,1.6539956591944756,93.6958613905258,4.26108561993504,0.01248175556364592,0.3765755747810287
46F41217A1,0,6.128960616824885,6.408624256371678,72.98701811685147,10.484114747281101,3.9912822626708753
7F181EDA25,1,0.002523849731897084,0.08260181630761611,3.302941450312276,96.6049367029934,0.00699618065480867
C2ADD7C478,1,0.0032442167198786925,0.0017891689528526933,0.2556071525807374,99.73926662012815,9.284161837515642e-05
1EF5FCF7BB,0,4.571002049366378,1.5995872552755017,79.99691076148615,0.05323465755322389,13.779265276318743
9480733643,4,0.16695986568569163,99.68527579255885,0.1406391104181689,0.004259771582433487,0.0028654597548372135
7B1861BDDA,4,0.0021267381404477454,99.79067401834773,0.024784259331051498,0.012138607969692664,0.17027637621108313
93AC3DA7A9,2,0.015666344360710197,0.008157028522085802,0.0041924268871219505,0.0164929218686179,99.95549127836148
2801F95BCD,4,0.003557593778258417,99.97935474739151,0.008420959122261457,5.571552764334979e-05,0.008610984180323505
CB9FF88AAC,4,0.0009715331514252726,99.9822013211867,0.005675195892099217,0.008288913443361325,0.0028630363264159383
FD7D1D9503,3,99.99753242393173,7.97512888867609e-05,0.0001575292669573547,0.002187938861179927,4.2356651241908944e-05
8D647EED28,0,7.556533497176936,3.347530344000639,78.98145096948758,1.8148840464113172,8.299601142923514
81A37EC9AC,4,0.0008351306260261605,99.96241434119433,0.01191854142170685,0.0025321499575773733,0.022299836800379585
9CC0364979,3,99.99671385541279,0.001917819186270569,0.0011426574770216312,0.00019296858728103295,3.269933664306952e-05
50DE07F13F,4,0.019117739806598904,99.96996969248569,0.01001947667884407,0.00020392886204773805,0.000689162166808694
49F34C8361,3,99.99466052943156,0.0006459463741105984,0.00019126038919027485,0.0044248100652944725,7.74537398616314e-05
A383435481,4,0.6182521783092285,98.8962925513601,0.3888410409244481,0.0012253610347614313,0.09538886837145998
A772C33ACC,1,0.0003785147773159058,0.0004101310837281273,0.03393566585716635,99.96523452268251,4.116559928484237e-05
B68637C002,3,96.14262656961351,0.4940713962335208,1.5119782620408873,1.7869342829789636,0.06438948913310787
CCE602336F,2,0.09408629803078103,2.176652117518264,2.42855056001204,0.32288451284281966,94.97782651159609
3B8478E1DC,4,4.144783471467221e-05,99.98216203545968,0.002041266910418446,0.005390485591615399,0.01036476420356231
695507C638,4,0.1105528960789338,99.86596115978028,0.008014867400784276,0.00036319634109480337,0.01510788039889959
FA228FC0CF,2,0.0020515212523944527,0.008144510229845492,0.0013199439399238593,0.0014431234868436693,99.98704090109098
6C946CC20B,2,0.08834523574251035,0.03468937567792381,0.08219642289812004,0.40726610178576683,99.38750286389568
958E1D13DE,3,99.58865704129154,0.016512627449046295,0.22616655112132822,0.1686501288427784,1.3651295312121225e-05
88DE9A0DA4,3,99.97372916485797,0.005533728878388495,0.0005059429691952652,0.020222203717397372,8.959577017351767e-06
538CFE6771,0,15.308091449583822,19.609055400794553,64.82830726646547,0.023058884729586168,0.23148699842655035
4318710884,0,0.00033086607358287967,0.0009253853390306857,99.99662987479454,0.0020062602743944743,0.00010761351845738319
01693B60FE,1,0.003506115578249674,0.003659807478988367,0.08871487513912023,99.9036105145472,0.0005086872564510604
9B563E666C,0,0.15326002130260774,0.01404022944387746,98.07355407221972,1.7586339061518088,0.0005117708819879948
7C3A14C530,1,0.0060401918190718575,0.04515973772871847,3.4591063098147647,96.48688261943549,0.002811141201961366
43A15DDE89,4,30.797930710554777,59.3019535401782,0.034137239341514455,4.79747385139233,5.068504658533182
8C3961969E,1,0.8201042741270876,1.8471331667647233,0.7967350476972602,94.64796276252765,1.8880647488832767
6E9F7168A6,3,99.96596702917242,0.00018775606462530098,0.019959614638062794,0.013831491241209155,5.4108883685752595e-05
0A658E0936,4,0.0026235548916754125,98.97494580613038,0.19898302796350847,0.14396190039443266,0.6794857106200192
4C01D73073,4,0.001765644462259361,99.99617807470727,0.0001791550638565897,0.00011201127754880533,0.0017651144890799008
657F18C6AE,4,0.001413089766692505,99.986078382503,0.009167749670563824,0.0019956398259729008,0.001345138233767259
27CF23AB3C,1,0.018562099388655714,0.0242350377853703,25.97998703456177,73.9667216451411,0.010494183123095543
BE73FDE831,4,0.0008592124818582416,99.29177349413607,0.6900967983577319,0.0087996816351057,0.008470813389226605
153F77E255,2,0.009207090086199077,0.05102186552393605,0.007884495307450515,0.030289328413387176,99.90159722066903
F9F8F01AD0,2,0.029390873033374947,1.0749403789858394,0.027727996762766487,0.02240221171024239,98.84553853950777
F61B1BB71B,0,0.010277752594393272,0.004931500796075344,99.70879669955136,0.2745604712280942,0.0014335758300985833
F421E3CB34,0,0.30060024241383193,0.19327287232442653,40.07798567680292,27.023776744284078,32.40436446417473
1989FCD6FD,4,0.03694976288321921,95.29622503690796,4.6532763211209645,0.0019647692587670554,0.01158410982911302
89BB0929A5,3,99.98858580970203,0.0022603561278155063,0.007718517096431062,0.0011369641747348879,0.00029835289896948424
A9143FD0AE,1,0.0016061027318521885,0.004594458379657086,0.07140747374042708,99.92231037415019,8.159099786917715e-05
4D4BC8FBBC,4,0.013416658886654588,85.65608276392317,13.294214496394801,0.4783601273887542,0.5579259534065989
3FF56F59D3,3,94.81115154348885,0.0727078418664155,4.509382414087939,0.6066006438440898,0.00015755671270390427
59DB41383B,0,0.7929426387792048,2.705875784831468,67.28673036889563,0.32038073170497483,28.894070475788723
DFBFBB1F34,3,98.69149016869007,0.9157862643669891,0.02615240420021773,0.35966738993207126,0.006903772810676512
8B0CB98C5C,4,2.0397896734299668,62.26000840695403,10.40121712993832,23.834403539523823,1.4645812501538522
95CA6CE44E,4,0.00024174873395656278,99.90128339892863,0.07578537418671297,0.0005256533002217788,0.02216382485051371
37CB8284E5,0,12.106265277121693,0.009820344920424875,87.86186876715098,0.02073448189338043,0.0013111289135097528
6AB9C58C18,4,0.0022701151146104367,99.95578890002122,0.031268809171077,0.00557954628250654,0.005092629410577521
F036D71AF0,4,0.0023321842510890412,89.87993337190872,9.875959038256717,0.003556256851846745,0.23821914873162317
2973205547,1,0.0013803917407430848,0.007574138527510209,1.1051642703446447,98.8744429604208,0.011438238966294863
C2EFD314BA,4,0.0008601935283092206,99.866069764606,0.11471745280699806,0.0003472160608392501,0.018005372997868578
670514AFCC,1,0.0008787004487720636,0.0003171644969620021,0.0007249114451990814,99.99792653829826,0.00015268531080297405
1D7CC17833,2,0.19738822904021802,0.021534473233646014,0.005617930916982577,0.001406880565898784,99.77405248624326
3BB7D6834C,3,99.99684094716224,0.0006284885658919037,0.00010660467157868589,0.002418369965253261,5.589635061771958e-06
6E962DAF7F,0,1.4423546765441813,0.02963008763131223,97.45851520700286,1.069209425488663,0.00029060333300548816
E48ECD7FB5,2,0.6059883500714696,5.189246210524753,8.103276991918099,0.3462204541938618,85.75526799329182
226D535F81,4,0.00059962011518744,99.25144051174824,0.23688290534472325,0.0063233267775864,0.5047536360142763
DB9EDFE750,4,0.03380279603666171,97.80681919420971,2.144373971561146,0.0016639841493563453,0.013340054043135091
9F74FBB693,3,99.99463183296756,0.001116406467130973,0.000695868794268573,0.0035491964205051746,6.695350517096522e-06
BA9DF7ADEE,4,0.0006117276019251087,99.98605400747836,0.006883394219992602,0.001042084788060429,0.0054087859116827485
F2CA25AB1A,4,0.004707723381332912,99.98444829077269,0.006596041587085994,0.00019277660339099152,0.004055167655517399
767EC89E7B,0,0.054704282178361555,0.0016569319096139258,99.93782329992186,0.005458104552845578,0.00035738143731074815
CEA1BAF3FD,0,0.20986528004162736,0.7028318377507999,98.96451101894172,0.0007090829681181655,0.1220827802977138
C722755EAE,4,0.09228946529624539,99.88117580930049,0.021469704704839505,0.0030383907787292995,0.002026629919695474
99A4217569,2,0.047653111027500514,0.3552093291795365,0.00809428331149359,0.002879659978955222,99.5861636165025
7D0026F72E,4,0.0036789359968377603,99.94279806238833,0.05208275557001675,0.0004885055578698291,0.0009517404869423954
5D8FC85BC6,2,0.16466391504859776,0.09867896752965011,0.13031067243115074,0.02475373329289891,99.58159271169771
933DD144D6,4,0.01465632650737712,99.98032050178622,0.0016755358710763965,0.0007169310650414863,0.0026307047702726007
107A44BC9B,4,0.003722578223691137,99.94731444503192,0.038213349971890034,0.005043082557728279,0.0057065442147746625
F1A140E07B,0,34.146557740657435,6.025032953798423,52.40100749352325,0.0540091520547818,7.373392659966102
589C273545,1,0.2520780747890448,0.8272309232643027,0.030989847441532194,98.71472865997677,0.17497249452836489
11806D76AD,4,0.5095161552131068,69.2462184354315,7.517014054101912,1.4753616290110236,21.251889726242464
EFEFE3ACC4,3,99.87568232687678,0.0019333076645545728,0.01644983120666375,0.10568699101561244,0.0002475432363874574
06C1A5D7F1,1,5.431620192251039,0.33243246341879923,0.4656077836825841,93.7369866546768,0.03335290597079397
759E1034C2,1,0.029092107397527916,0.02090485697071232,0.2023873576421133,99.74477373003397,0.002841947955664848
39F36CD5CE,3,79.65237987090546,17.706519159100598,1.6390091541108838,0.14936060106877513,0.8527312148142806
2B9A1CC814,4,0.0017717258534624921,99.92467572866789,0.04869020584945257,0.0001763652319998837,0.024685974397193722
D5775312BA,1,2.953935117019589,0.03607933066103057,24.184661570509835,72.81082105658027,0.014502925229283833
6A2AF78282,1,0.003403022245769832,0.0031143108542667,0.14293025050831598,99.85009641512629,0.0004560012653644363
ED0602ECCF,4,0.009711525834805456,99.96948346697603,0.017747358824098235,0.0004417372812558546,0.0026159110837964037
883538D253,2,0.01527186065230709,0.028545055299621352,0.0013895111063553915,0.00013885053885777672,99.95465472240285
2C5DAF4812,1,0.0643615267926699,1.088631526291788,0.21593702287895142,98.57064011991606,0.06042980412053276
7350B1E247,4,0.13148629133574707,98.1434845363244,0.2099374340963964,0.40574106999244786,1.1093506682510357
D620F72A3C,3,99.98904165249122,0.010540746563029725,4.801881269446159e-05,0.000347868534077177,2.1713598960300927e-05
89BD0A4EF1,4,0.7102610903034524,78.07489812253992,18.19872528284239,0.018600820193948528,2.9975146841202984
8E8DBF8BCF,0,6.0639683815824,21.86766362019151,69.761876346493,1.651198813527675,0.655292838205415
22FABFA5B6,4,0.0020800981467178703,99.97010246648209,0.004727028378268791,0.0011116241332220463,0.021978782859690706
